project_root_dir = "."
repeats_to_search = [ 1, 2, 3, 4,]
vecsize = 342
n_epochs = 200
n_batches = 250
early_stopping_th = 10
batch_size = 256
repeat_probability = 0.3913125606144057
optimizer = "RMSprop"
learning_rate = 0.003786665053644507
momentum = 0.432355007314894
rho = 0.8874448507301266
epsilon = 1e-10
rnn = "GRU"
units = 60
dropout = 0.09276327126750566
attention = true
min_mss_len = 50
xdrop_len = 50
